1 0.891812 0.475376 0.139454 0.203402
1 0.693315 0.475467 0.124611 0.189126
1 0.517446 0.492258 0.131681 0.166148
1 0.323459 0.488281 0.153775 0.188242
1 0.185591 0.474141 0.125495 0.188242
1 0.018117 0.475025 0.034467 0.182940
2 0.879435 0.557794 0.078717 0.054171
2 0.763687 0.554620 0.065598 0.055441
0 0.809354 0.508520 0.017322 0.041360
0 0.720865 0.507206 0.016180 0.037849
0 0.487162 0.518649 0.031966 0.038040
0 0.333507 0.525571 0.017866 0.039793
2 0.090952 0.557020 0.068174 0.040710
2 0.301875 0.565957 0.044917 0.039032
0 0.153470 0.514187 0.014884 0.039877
0 0.324136 0.464893 0.017475 0.039425
0 0.154351 0.450296 0.032599 0.037135
