1 0.856877 0.338510 0.262921 0.417856
1 0.605694 0.352595 0.243202 0.399076
1 0.356389 0.307523 0.249775 0.498610
1 0.116220 0.361807 0.232441 0.388165
0 0.651134 0.470526 0.039395 0.093217
0 0.562633 0.476352 0.064364 0.086004
0 0.875300 0.471358 0.063809 0.090443
0 0.792070 0.469416 0.020530 0.095437
0 0.305493 0.479245 0.041536 0.092266
0 0.398235 0.478452 0.069120 0.088144
0 0.083008 0.485840 0.073940 0.091378
0 0.073417 0.358887 0.070801 0.093471
0 0.391148 0.347028 0.068011 0.087193
0 0.314593 0.347028 0.070452 0.081613
0 0.556117 0.343192 0.068708 0.087193
0 0.635289 0.342843 0.064523 0.087193
2 0.826208 0.591594 0.111352 0.070860
