1 0.787606 0.466034 0.229983 0.220160
2 0.813646 0.591102 0.074181 0.013459
2 0.782033 0.555107 0.075433 0.052271
0 0.739350 0.503138 0.017027 0.043403
1 0.549173 0.471225 0.163674 0.235436
0 0.544414 0.511527 0.022240 0.047793
2 0.555416 0.566773 0.053708 0.051815
1 0.309948 0.475212 0.186874 0.203751
0 0.378252 0.537883 0.024304 0.055014
2 0.375049 0.574117 0.035130 0.013919
2 0.273164 0.597319 0.226726 0.017300
1 0.125451 0.463492 0.196815 0.219852
2 0.086689 0.556190 0.089844 0.049279
0 0.158443 0.504169 0.016751 0.043000
