1 0.602437 0.424703 0.261434 0.196330
0 0.588989 0.493606 0.017272 0.037400
2 0.593080 0.515033 0.029609 0.006493
1 0.866699 0.467384 0.264417 0.122070
0 0.958946 0.493691 0.016369 0.038008
0 0.868225 0.492720 0.008600 0.041615
0 0.770217 0.492389 0.016433 0.041081
0 0.693219 0.493211 0.016902 0.039908
0 0.406356 0.493567 0.015857 0.036747
0 0.370993 0.493441 0.018122 0.036999
0 0.269233 0.494482 0.016857 0.039140
0 0.178739 0.494335 0.019253 0.039499
0 0.069493 0.494821 0.016915 0.039934
0 0.493264 0.493862 0.017538 0.041653
