1 0.369629 0.386995 0.365149 0.461744
1 0.797936 0.396548 0.294030 0.427777
3 0.291079 0.564793 0.121009 0.104025
3 0.440748 0.563731 0.118886 0.106148
3 0.739555 0.558955 0.119947 0.098718
3 0.890816 0.560016 0.114640 0.102964
0 0.454034 0.437080 0.064426 0.083415
0 0.306871 0.437758 0.064426 0.083415
0 0.711738 0.434367 0.063070 0.080702
0 0.857980 0.433225 0.058793 0.076232
0 0.309909 0.293467 0.062779 0.071747
0 0.455148 0.295460 0.063277 0.073740
0 0.710997 0.291474 0.063776 0.073740
0 0.857482 0.294214 0.062779 0.074239
