1 0.091996 0.453324 0.183992 0.230867
1 0.353986 0.427698 0.258608 0.302011
1 0.705277 0.439453 0.270363 0.273076
1 0.930176 0.415192 0.139160 0.295715
0 0.902488 0.479403 0.051602 0.061035
0 0.903094 0.389721 0.049280 0.062391
0 0.637332 0.489426 0.050909 0.064850
0 0.630604 0.396867 0.062145 0.065752
0 0.417547 0.494970 0.057858 0.071570
0 0.417882 0.399822 0.057189 0.062540
2 0.332265 0.562025 0.059865 0.056520
0 0.091923 0.500858 0.031442 0.069543
2 0.025339 0.571511 0.049938 0.057706
2 0.722208 0.556541 0.066267 0.049825
