1 0.938015 0.450335 0.123369 0.281078
1 0.628370 0.465316 0.201623 0.306920
0 0.549003 0.498715 0.028796 0.065104
2 0.567783 0.580721 0.050497 0.077207
0 0.688374 0.401381 0.055999 0.066584
0 0.689228 0.502110 0.063169 0.076145
0 0.898438 0.496024 0.032822 0.070266
2 0.972864 0.587093 0.046690 0.084135
1 0.268396 0.446647 0.295388 0.331038
2 0.255018 0.596669 0.066730 0.053072
0 0.314865 0.522805 0.028769 0.068088
0 0.376560 0.430583 0.058178 0.068407
0 0.237188 0.429144 0.053064 0.064891
0 0.236709 0.523923 0.051465 0.067129
0 0.031222 0.518095 0.024884 0.060566
1 0.065026 0.461754 0.126296 0.278414
