1 0.537088 0.413268 0.287603 0.335895
1 0.883757 0.420287 0.231885 0.326150
1 0.098450 0.390174 0.196901 0.448618
3 0.603823 0.547066 0.088713 0.067727
3 0.472458 0.546779 0.087587 0.066170
0 0.606556 0.456955 0.057219 0.066809
0 0.606715 0.359298 0.054982 0.062014
3 0.847563 0.541902 0.068385 0.067349
3 0.971382 0.541642 0.054915 0.066831
0 0.844455 0.452534 0.055952 0.072012
0 0.846268 0.357469 0.056470 0.061132
3 0.076168 0.568468 0.075470 0.095735
0 0.094337 0.444432 0.075470 0.089445
0 0.095385 0.319698 0.080361 0.083156
