1 0.203451 0.404710 0.326773 0.462615
0 0.289155 0.445174 0.079974 0.099852
0 0.122504 0.442400 0.088757 0.098003
0 0.292160 0.302099 0.083210 0.080899
0 0.126202 0.299094 0.085059 0.073040
3 0.129438 0.578541 0.116494 0.105862
3 0.272744 0.580159 0.100777 0.109098
3 0.572531 0.583164 0.116956 0.110484
3 0.734098 0.585475 0.080436 0.107711
0 0.594702 0.423177 0.070613 0.073117
0 0.725605 0.291578 0.030419 0.083838
1 0.645084 0.361062 0.328590 0.619378
1 0.961324 0.406078 0.070398 0.468750
3 0.977206 0.587225 0.040350 0.099588
