1 0.315221 0.465745 0.246054 0.251157
0 0.254715 0.489553 0.039294 0.046228
0 0.256449 0.423331 0.039525 0.045072
1 0.735947 0.461354 0.243158 0.268121
0 0.712276 0.535061 0.035511 0.062145
0 0.806518 0.533353 0.018439 0.062828
2 0.837078 0.588328 0.054291 0.030048
2 0.726446 0.588840 0.050877 0.031072
0 0.697764 0.454477 0.054291 0.060779
0 0.813005 0.452258 0.036877 0.062486
1 0.093900 0.472506 0.122696 0.224860
3 0.377404 0.562650 0.065505 0.054387
1 0.961232 0.466665 0.076653 0.235479
0 0.967919 0.515139 0.032518 0.048982
0 0.968536 0.434874 0.032929 0.056392
