1 0.500672 0.473876 0.998056 0.190540
0 0.872935 0.514670 0.019518 0.049310
2 0.916852 0.553963 0.062664 0.016950
0 0.871266 0.447639 0.020289 0.047769
2 0.673899 0.557944 0.053932 0.018234
0 0.650528 0.454445 0.020032 0.045971
0 0.599035 0.530079 0.024398 0.055473
0 0.559228 0.522374 0.018748 0.049310
2 0.553835 0.562182 0.052648 0.020032
0 0.557174 0.457013 0.020803 0.048539
0 0.330144 0.460994 0.020803 0.049823
0 0.332198 0.526997 0.023884 0.050337
2 0.316917 0.566933 0.058555 0.020289
0 0.180802 0.462278 0.043660 0.049823
0 0.181444 0.530464 0.041862 0.049053
2 0.165008 0.571170 0.062921 0.016437
0 0.086035 0.461636 0.045201 0.049566
0 0.119091 0.532252 0.018229 0.056090
