1 0.729267 0.393707 0.398330 0.547029
3 0.791382 0.581046 0.085951 0.102722
3 0.637299 0.582444 0.102024 0.106915
0 0.622789 0.444485 0.082207 0.098648
0 0.780400 0.440800 0.083341 0.095814
0 0.626474 0.295945 0.083908 0.090711
0 0.782100 0.296512 0.085609 0.082774
1 0.244874 0.390625 0.345098 0.548150
3 0.164898 0.581540 0.076220 0.103336
3 0.325765 0.581907 0.106268 0.111398
0 0.336758 0.442659 0.078418 0.096740
0 0.173693 0.438629 0.082083 0.097473
0 0.336025 0.291686 0.081350 0.090877
0 0.171127 0.289121 0.085747 0.084281
