1 0.104890 0.444426 0.189887 0.227865
0 0.132958 0.474974 0.043769 0.049488
0 0.133727 0.408221 0.045309 0.047508
0 0.089738 0.406681 0.020235 0.047508
0 0.089188 0.473875 0.019135 0.050368
1 0.332919 0.431962 0.193093 0.255793
0 0.325025 0.393404 0.048233 0.046446
1 0.554588 0.490778 0.171453 0.157027
1 0.731550 0.496674 0.067575 0.067793
0 0.748389 0.512532 0.008828 0.019291
2 0.748444 0.526374 0.015041 0.006430
1 0.811136 0.472117 0.065834 0.121228
0 0.833791 0.488025 0.010841 0.022536
3 0.802635 0.519868 0.036176 0.023612
1 0.907389 0.461736 0.068592 0.150747
