1 0.457764 0.484664 0.292517 0.207972
0 0.495430 0.533810 0.018256 0.042670
0 0.433515 0.533260 0.018036 0.041570
0 0.550966 0.503128 0.040910 0.047288
0 0.551186 0.437364 0.039590 0.043769
0 0.371380 0.436154 0.039810 0.044429
0 0.369290 0.501478 0.040030 0.045749
2 0.465187 0.570101 0.033432 0.024634
3 0.549096 0.559324 0.060485 0.044429
3 0.371160 0.558444 0.056086 0.042670
1 0.838311 0.430085 0.320789 0.324196
3 0.924328 0.547045 0.081759 0.065293
3 0.782437 0.545417 0.083754 0.063409
1 0.127302 0.435965 0.253607 0.268056
3 0.099465 0.541178 0.052445 0.046718
3 0.191545 0.538616 0.055761 0.046417
